         NaN         NaN         NaN         NaN         NaN         NaN         NaN         NaN         NaN  0.3100E+01  0.3192E+01  0.3199E+01  0.3187E+01  0.3197E+01  0.3187E+01  0.3204E+01  0.3216E+01  0.3241E+01  0.3297E+01  0.3300E+01  0.3325E+01  0.3270E+01  0.3268E+01  0.3254E+01  0.3246E+01  0.3236E+01  0.3227E+01  0.3217E+01  0.3206E+01  0.3195E+01  0.3184E+01  0.3175E+01  0.3164E+01  0.3153E+01  0.3142E+01  0.3131E+01  0.3118E+01  0.3103E+01  0.3089E+01  0.3077E+01  0.3068E+01  0.3060E+01  0.3052E+01  0.3045E+01  0.3038E+01  0.3031E+01  0.3026E+01  0.3020E+01  0.3008E+01
         NaN         NaN         NaN         NaN         NaN         NaN         NaN         NaN         NaN         NaN  0.3936E+01  0.4012E+01  0.4013E+01  0.4038E+01  0.3947E+01  0.3943E+01  0.3814E+01  0.3736E+01  0.3642E+01  0.3543E+01  0.3563E+01  0.3433E+01  0.3469E+01  0.3423E+01  0.3447E+01  0.3431E+01  0.3430E+01  0.3416E+01  0.3405E+01  0.3395E+01  0.3380E+01  0.3370E+01  0.3351E+01  0.3339E+01  0.3327E+01  0.3309E+01  0.3299E+01  0.3277E+01  0.3260E+01  0.3237E+01  0.3219E+01  0.3201E+01  0.3186E+01  0.3166E+01  0.3148E+01  0.3126E+01  0.3104E+01  0.3078E+01  0.3020E+01
         NaN         NaN         NaN         NaN         NaN         NaN         NaN         NaN         NaN         NaN         NaN  0.4220E+01  0.4275E+01  0.4384E+01  0.4329E+01  0.4295E+01  0.4192E+01  0.3953E+01  0.3781E+01  0.3565E+01  0.3673E+01  0.3464E+01  0.3577E+01  0.3498E+01  0.3563E+01  0.3537E+01  0.3542E+01  0.3525E+01  0.3517E+01  0.3501E+01  0.3482E+01  0.3466E+01  0.3420E+01  0.3397E+01  0.3344E+01  0.3321E+01  0.3295E+01  0.3275E+01  0.3251E+01  0.3233E+01  0.3217E+01  0.3196E+01  0.3210E+01  0.3186E+01  0.3191E+01  0.3161E+01  0.3139E+01  0.3102E+01  0.3026E+01
         NaN         NaN         NaN         NaN         NaN         NaN         NaN         NaN         NaN         NaN         NaN  0.5661E+01  0.5136E+01  0.5195E+01  0.5018E+01  0.4803E+01  0.4455E+01  0.4037E+01  0.3793E+01  0.3544E+01  0.3698E+01  0.3454E+01  0.3611E+01  0.3526E+01  0.3617E+01  0.3594E+01  0.3606E+01  0.3588E+01  0.3579E+01  0.3562E+01  0.3542E+01  0.3525E+01  0.3477E+01  0.3458E+01  0.3404E+01  0.3389E+01  0.3375E+01  0.3372E+01  0.3359E+01  0.3344E+01  0.3321E+01  0.3277E+01  0.3276E+01  0.3234E+01  0.3235E+01  0.3197E+01  0.3170E+01  0.3124E+01  0.3032E+01
         NaN         NaN         NaN         NaN         NaN         NaN         NaN         NaN         NaN         NaN         NaN         NaN  0.4589E+01  0.4461E+01  0.4558E+01  0.4463E+01  0.4353E+01  0.4114E+01  0.3706E+01  0.3525E+01  0.3695E+01  0.3455E+01  0.3642E+01  0.3557E+01  0.3677E+01  0.3649E+01  0.3663E+01  0.3643E+01  0.3630E+01  0.3608E+01  0.3580E+01  0.3551E+01  0.3494E+01  0.3450E+01  0.3320E+01  0.3261E+01  0.3116E+01  0.3070E+01  0.2989E+01  0.3018E+01  0.3110E+01  0.3099E+01  0.3182E+01  0.3122E+01  0.3251E+01  0.3209E+01  0.3195E+01  0.3143E+01  0.3038E+01
         NaN         NaN         NaN         NaN         NaN         NaN         NaN         NaN         NaN         NaN         NaN         NaN         NaN  0.5599E+01  0.5372E+01  0.5443E+01  0.4994E+01  0.4604E+01  0.3891E+01  0.3638E+01  0.3762E+01  0.3494E+01  0.3682E+01  0.3589E+01  0.3718E+01  0.3688E+01  0.3701E+01  0.3679E+01  0.3662E+01  0.3632E+01  0.3596E+01  0.3556E+01  0.3491E+01  0.3441E+01  0.3303E+01  0.3254E+01  0.3105E+01  0.3130E+01  0.3136E+01  0.3351E+01  0.3494E+01  0.3332E+01  0.3336E+01  0.3155E+01  0.3289E+01  0.3236E+01  0.3221E+01  0.3163E+01  0.3045E+01
         NaN         NaN         NaN         NaN         NaN         NaN         NaN         NaN         NaN         NaN         NaN         NaN         NaN         NaN  0.6271E+01  0.6668E+01  0.5297E+01  0.4971E+01  0.3976E+01  0.3706E+01  0.3826E+01  0.3538E+01  0.3766E+01  0.3679E+01  0.3789E+01  0.3760E+01  0.3757E+01  0.3729E+01  0.3702E+01  0.3668E+01  0.3623E+01  0.3572E+01  0.3498E+01  0.3448E+01  0.3314E+01  0.3343E+01  0.3274E+01  0.3494E+01  0.3639E+01  0.3765E+01  0.3824E+01  0.3464E+01  0.3479E+01  0.3257E+01  0.3339E+01  0.3286E+01  0.3249E+01  0.3187E+01  0.3053E+01
         NaN         NaN         NaN         NaN         NaN         NaN         NaN         NaN         NaN         NaN         NaN         NaN         NaN         NaN  0.7083E+01  0.6598E+01  0.4907E+01  0.4637E+01  0.3927E+01  0.3689E+01  0.3819E+01  0.3555E+01  0.3805E+01  0.3741E+01  0.3858E+01  0.3834E+01  0.3827E+01  0.3800E+01  0.3777E+01  0.3745E+01  0.3710E+01  0.3672E+01  0.3620E+01  0.3610E+01  0.3537E+01  0.3677E+01  0.3645E+01  0.3877E+01  0.3890E+01  0.3742E+01  0.3703E+01  0.3348E+01  0.3421E+01  0.3262E+01  0.3358E+01  0.3306E+01  0.3272E+01  0.3205E+01  0.3061E+01
         NaN         NaN         NaN         NaN         NaN         NaN         NaN         NaN         NaN         NaN         NaN         NaN         NaN         NaN         NaN  0.3381E+01  0.6241E+01  0.5866E+01  0.3937E+01  0.3837E+01  0.3908E+01  0.3626E+01  0.3893E+01  0.3848E+01  0.3959E+01  0.3938E+01  0.3926E+01  0.3898E+01  0.3872E+01  0.3843E+01  0.3817E+01  0.3793E+01  0.3765E+01  0.3798E+01  0.3781E+01  0.4011E+01  0.3983E+01  0.4140E+01  0.4004E+01  0.3641E+01  0.3689E+01  0.3382E+01  0.3433E+01  0.3332E+01  0.3385E+01  0.3335E+01  0.3293E+01  0.3224E+01  0.3070E+01
         NaN         NaN         NaN         NaN         NaN         NaN         NaN         NaN         NaN         NaN         NaN         NaN         NaN         NaN         NaN         NaN  0.5309E+01  0.5541E+01  0.4015E+01  0.4058E+01  0.4064E+01  0.3745E+01  0.3971E+01  0.3941E+01  0.4057E+01  0.4042E+01  0.4034E+01  0.4008E+01  0.3982E+01  0.3953E+01  0.3930E+01  0.3914E+01  0.3898E+01  0.3951E+01  0.3945E+01  0.4179E+01  0.4051E+01  0.4060E+01  0.3819E+01  0.3433E+01  0.3597E+01  0.3389E+01  0.3451E+01  0.3377E+01  0.3409E+01  0.3358E+01  0.3314E+01  0.3242E+01  0.3080E+01
         NaN         NaN         NaN         NaN         NaN         NaN         NaN         NaN         NaN         NaN         NaN         NaN         NaN         NaN         NaN         NaN         NaN  0.2083E+01  0.3341E+01  0.3978E+01  0.4202E+01  0.4050E+01  0.3970E+01  0.3933E+01  0.4129E+01  0.4124E+01  0.4124E+01  0.4106E+01  0.4088E+01  0.4075E+01  0.4070E+01  0.4082E+01  0.4102E+01  0.4184E+01  0.4219E+01  0.4393E+01  0.4229E+01  0.4070E+01  0.3776E+01  0.3451E+01  0.3594E+01  0.3452E+01  0.3484E+01  0.3423E+01  0.3431E+01  0.3380E+01  0.3333E+01  0.3260E+01  0.3089E+01
         NaN         NaN         NaN         NaN         NaN         NaN         NaN         NaN         NaN         NaN         NaN         NaN         NaN         NaN         NaN         NaN         NaN         NaN  0.4678E+01  0.5037E+01  0.4661E+01  0.4203E+01  0.4089E+01  0.3984E+01  0.4187E+01  0.4183E+01  0.4186E+01  0.4171E+01  0.4150E+01  0.4135E+01  0.4128E+01  0.4137E+01  0.4150E+01  0.4208E+01  0.4193E+01  0.4277E+01  0.4034E+01  0.3832E+01  0.3620E+01  0.3452E+01  0.3598E+01  0.3506E+01  0.3527E+01  0.3467E+01  0.3457E+01  0.3404E+01  0.3354E+01  0.3277E+01  0.3099E+01
         NaN         NaN         NaN         NaN         NaN         NaN         NaN         NaN         NaN         NaN         NaN         NaN         NaN         NaN         NaN         NaN         NaN         NaN         NaN  0.4144E+01  0.4176E+01  0.3819E+01  0.4036E+01  0.3918E+01  0.4226E+01  0.4219E+01  0.4227E+01  0.4212E+01  0.4195E+01  0.4173E+01  0.4158E+01  0.4162E+01  0.4147E+01  0.4194E+01  0.4122E+01  0.4138E+01  0.3953E+01  0.3748E+01  0.3622E+01  0.3537E+01  0.3633E+01  0.3564E+01  0.3566E+01  0.3505E+01  0.3482E+01  0.3425E+01  0.3372E+01  0.3295E+01  0.3108E+01
         NaN         NaN         NaN         NaN         NaN         NaN         NaN         NaN         NaN         NaN         NaN         NaN         NaN         NaN         NaN         NaN         NaN         NaN         NaN         NaN  0.4207E+01  0.4181E+01  0.4125E+01  0.3935E+01  0.4263E+01  0.4256E+01  0.4265E+01  0.4249E+01  0.4234E+01  0.4219E+01  0.4204E+01  0.4202E+01  0.4181E+01  0.4214E+01  0.4106E+01  0.4054E+01  0.3882E+01  0.3706E+01  0.3636E+01  0.3592E+01  0.3661E+01  0.3608E+01  0.3601E+01  0.3541E+01  0.3509E+01  0.3448E+01  0.3390E+01  0.3310E+01  0.3119E+01
         NaN         NaN         NaN         NaN         NaN         NaN         NaN         NaN         NaN         NaN         NaN         NaN         NaN         NaN         NaN         NaN         NaN         NaN         NaN         NaN         NaN  0.4112E+01  0.3915E+01  0.3822E+01  0.4219E+01  0.4202E+01  0.4255E+01  0.4232E+01  0.4208E+01  0.4169E+01  0.4113E+01  0.4050E+01  0.3900E+01  0.3955E+01  0.3904E+01  0.3822E+01  0.3790E+01  0.3644E+01  0.3663E+01  0.3632E+01  0.3690E+01  0.3644E+01  0.3632E+01  0.3573E+01  0.3535E+01  0.3470E+01  0.3408E+01  0.3324E+01  0.3129E+01
         NaN         NaN         NaN         NaN         NaN         NaN         NaN         NaN         NaN         NaN         NaN         NaN         NaN         NaN         NaN         NaN         NaN         NaN         NaN         NaN         NaN         NaN  0.3962E+01  0.3874E+01  0.4262E+01  0.4216E+01  0.4264E+01  0.4236E+01  0.4211E+01  0.4166E+01  0.4121E+01  0.4109E+01  0.4047E+01  0.4264E+01  0.4169E+01  0.3873E+01  0.3851E+01  0.3682E+01  0.3706E+01  0.3676E+01  0.3721E+01  0.3675E+01  0.3661E+01  0.3602E+01  0.3561E+01  0.3495E+01  0.3430E+01  0.3342E+01  0.3140E+01
         NaN         NaN         NaN         NaN         NaN         NaN         NaN         NaN         NaN         NaN         NaN         NaN         NaN         NaN         NaN         NaN         NaN         NaN         NaN         NaN         NaN         NaN         NaN  0.3667E+01  0.4063E+01  0.4019E+01  0.4164E+01  0.4125E+01  0.4138E+01  0.4091E+01  0.4054E+01  0.4100E+01  0.4064E+01  0.4379E+01  0.4236E+01  0.3793E+01  0.3867E+01  0.3683E+01  0.3735E+01  0.3704E+01  0.3738E+01  0.3697E+01  0.3677E+01  0.3620E+01  0.3576E+01  0.3510E+01  0.3446E+01  0.3354E+01  0.3151E+01
         NaN         NaN         NaN         NaN         NaN         NaN         NaN         NaN         NaN         NaN         NaN         NaN         NaN         NaN         NaN         NaN         NaN         NaN         NaN         NaN         NaN         NaN         NaN         NaN  0.4198E+01  0.4054E+01  0.4237E+01  0.4189E+01  0.4245E+01  0.4271E+01  0.4349E+01  0.4532E+01  0.4494E+01  0.4741E+01  0.4291E+01  0.3739E+01  0.3902E+01  0.3707E+01  0.3770E+01  0.3736E+01  0.3763E+01  0.3721E+01  0.3703E+01  0.3645E+01  0.3597E+01  0.3531E+01  0.3467E+01  0.3373E+01  0.3163E+01
         NaN         NaN         NaN         NaN         NaN         NaN         NaN         NaN         NaN         NaN         NaN         NaN         NaN         NaN         NaN         NaN         NaN         NaN         NaN         NaN         NaN         NaN         NaN         NaN  0.4219E+01  0.5389E+01  0.3895E+01  0.3815E+01  0.3984E+01  0.4043E+01  0.4158E+01  0.4420E+01  0.4557E+01  0.4741E+01  0.4105E+01  0.3649E+01  0.3921E+01  0.3728E+01  0.3796E+01  0.3758E+01  0.3770E+01  0.3728E+01  0.3706E+01  0.3651E+01  0.3595E+01  0.3530E+01  0.3474E+01  0.3378E+01  0.3176E+01
         NaN         NaN         NaN         NaN         NaN         NaN         NaN         NaN         NaN         NaN         NaN         NaN         NaN         NaN         NaN         NaN         NaN         NaN         NaN         NaN         NaN         NaN         NaN         NaN         NaN  0.6351E+01  0.4456E+01  0.4042E+01  0.4263E+01  0.4374E+01  0.4525E+01  0.4830E+01  0.4738E+01  0.4598E+01  0.3885E+01  0.3604E+01  0.3924E+01  0.3752E+01  0.3829E+01  0.3787E+01  0.3790E+01  0.3748E+01  0.3725E+01  0.3677E+01  0.3619E+01  0.3554E+01  0.3494E+01  0.3395E+01  0.3187E+01
         NaN         NaN         NaN         NaN         NaN         NaN         NaN         NaN         NaN         NaN         NaN         NaN         NaN         NaN         NaN         NaN         NaN         NaN         NaN         NaN         NaN         NaN         NaN         NaN         NaN  0.5927E+01  0.4744E+01  0.4161E+01  0.4588E+01  0.4720E+01  0.4904E+01  0.5106E+01  0.4753E+01  0.4401E+01  0.3852E+01  0.3677E+01  0.3982E+01  0.3825E+01  0.3868E+01  0.3817E+01  0.3793E+01  0.3738E+01  0.3690E+01  0.3645E+01  0.3544E+01  0.3488E+01  0.3459E+01  0.3354E+01  0.3197E+01
         NaN         NaN         NaN         NaN         NaN         NaN         NaN         NaN         NaN         NaN         NaN         NaN         NaN         NaN         NaN         NaN         NaN         NaN         NaN         NaN         NaN         NaN         NaN         NaN         NaN  0.6249E+01  0.4857E+01  0.4240E+01  0.4714E+01  0.4679E+01  0.4730E+01  0.4790E+01  0.4339E+01  0.4033E+01  0.3753E+01  0.3715E+01  0.3973E+01  0.3857E+01  0.3904E+01  0.3856E+01  0.3829E+01  0.3776E+01  0.3737E+01  0.3716E+01  0.3624E+01  0.3556E+01  0.3508E+01  0.3369E+01  0.3208E+01
         NaN         NaN         NaN         NaN         NaN         NaN         NaN         NaN         NaN         NaN         NaN         NaN         NaN         NaN         NaN         NaN         NaN         NaN         NaN         NaN         NaN         NaN         NaN         NaN         NaN  0.5857E+01  0.4612E+01  0.4183E+01  0.4679E+01  0.4551E+01  0.4639E+01  0.4639E+01  0.4303E+01  0.4015E+01  0.3879E+01  0.3859E+01  0.4001E+01  0.3905E+01  0.3923E+01  0.3871E+01  0.3825E+01  0.3755E+01  0.3680E+01  0.3665E+01  0.3518E+01  0.3474E+01  0.3452E+01  0.3273E+01  0.3215E+01
         NaN         NaN         NaN         NaN         NaN         NaN         NaN         NaN         NaN         NaN         NaN         NaN         NaN         NaN         NaN         NaN         NaN         NaN         NaN         NaN         NaN         NaN         NaN         NaN         NaN  0.6087E+01  0.4696E+01  0.4333E+01  0.4683E+01  0.4417E+01  0.4534E+01  0.4477E+01  0.4226E+01  0.3971E+01  0.3921E+01  0.3906E+01  0.4003E+01  0.3930E+01  0.3950E+01  0.3912E+01  0.3883E+01  0.3848E+01  0.3821E+01  0.3875E+01  0.3726E+01  0.3639E+01  0.3550E+01  0.3272E+01  0.3223E+01
         NaN         NaN         NaN         NaN         NaN         NaN         NaN         NaN         NaN         NaN         NaN         NaN         NaN         NaN         NaN         NaN         NaN         NaN         NaN         NaN         NaN         NaN         NaN         NaN  0.5706E+01  0.5959E+01  0.4617E+01  0.4298E+01  0.4588E+01  0.4299E+01  0.4498E+01  0.4412E+01  0.4256E+01  0.4015E+01  0.3989E+01  0.3974E+01  0.4037E+01  0.3972E+01  0.3987E+01  0.3958E+01  0.3944E+01  0.3941E+01  0.3931E+01  0.4008E+01  0.3803E+01  0.3650E+01  0.3522E+01  0.3227E+01  0.3233E+01
         NaN         NaN         NaN         NaN         NaN         NaN         NaN         NaN         NaN         NaN         NaN         NaN         NaN         NaN         NaN         NaN         NaN         NaN         NaN         NaN         NaN         NaN         NaN         NaN  0.5709E+01  0.5685E+01  0.4443E+01  0.4160E+01  0.4458E+01  0.4228E+01  0.4495E+01  0.4384E+01  0.4300E+01  0.4073E+01  0.4064E+01  0.4046E+01  0.4096E+01  0.4049E+01  0.4073E+01  0.4065E+01  0.4079E+01  0.4099E+01  0.4083E+01  0.4134E+01  0.3827E+01  0.3605E+01  0.3473E+01  0.3204E+01  0.3247E+01
         NaN         NaN         NaN         NaN         NaN         NaN         NaN         NaN         NaN         NaN         NaN         NaN         NaN         NaN         NaN         NaN         NaN         NaN         NaN         NaN         NaN         NaN         NaN  0.5164E+01  0.5425E+01  0.5485E+01  0.4303E+01  0.4061E+01  0.4383E+01  0.4222E+01  0.4515E+01  0.4380E+01  0.4345E+01  0.4132E+01  0.4134E+01  0.4125E+01  0.4168E+01  0.4140E+01  0.4177E+01  0.4193E+01  0.4225E+01  0.4255E+01  0.4227E+01  0.4207E+01  0.3855E+01  0.3579E+01  0.3452E+01  0.3250E+01  0.3262E+01
         NaN         NaN         NaN         NaN         NaN         NaN         NaN         NaN         NaN         NaN         NaN         NaN         NaN         NaN         NaN         NaN         NaN         NaN         NaN         NaN         NaN         NaN         NaN  0.5052E+01  0.5166E+01  0.5362E+01  0.4215E+01  0.4024E+01  0.4361E+01  0.4252E+01  0.4546E+01  0.4401E+01  0.4396E+01  0.4200E+01  0.4208E+01  0.4204E+01  0.4241E+01  0.4213E+01  0.4239E+01  0.4241E+01  0.4244E+01  0.4225E+01  0.4127E+01  0.4031E+01  0.3645E+01  0.3419E+01  0.3370E+01  0.3258E+01  0.3275E+01
         NaN         NaN         NaN         NaN         NaN         NaN         NaN         NaN         NaN         NaN         NaN         NaN         NaN         NaN         NaN         NaN         NaN         NaN         NaN         NaN         NaN         NaN         NaN         NaN  0.5000E+01  0.5220E+01  0.4136E+01  0.3996E+01  0.4348E+01  0.4270E+01  0.4560E+01  0.4415E+01  0.4428E+01  0.4247E+01  0.4262E+01  0.4261E+01  0.4292E+01  0.4261E+01  0.4281E+01  0.4269E+01  0.4257E+01  0.4197E+01  0.4097E+01  0.3962E+01  0.3657E+01  0.3460E+01  0.3421E+01  0.3350E+01  0.3288E+01
         NaN         NaN         NaN         NaN         NaN         NaN         NaN         NaN         NaN         NaN         NaN         NaN         NaN         NaN         NaN         NaN         NaN         NaN         NaN         NaN         NaN         NaN         NaN         NaN  0.4890E+01  0.5214E+01  0.4132E+01  0.4039E+01  0.4375E+01  0.4306E+01  0.4584E+01  0.4439E+01  0.4459E+01  0.4292E+01  0.4310E+01  0.4303E+01  0.4325E+01  0.4285E+01  0.4285E+01  0.4246E+01  0.4205E+01  0.4117E+01  0.3995E+01  0.3853E+01  0.3592E+01  0.3446E+01  0.3425E+01  0.3381E+01  0.3297E+01
         NaN         NaN         NaN         NaN         NaN         NaN         NaN         NaN         NaN         NaN         NaN         NaN         NaN         NaN         NaN         NaN         NaN         NaN         NaN         NaN         NaN         NaN         NaN         NaN  0.5146E+01  0.5662E+01  0.4118E+01  0.4052E+01  0.4360E+01  0.4304E+01  0.4583E+01  0.4439E+01  0.4481E+01  0.4327E+01  0.4343E+01  0.4329E+01  0.4336E+01  0.4284E+01  0.4275E+01  0.4215E+01  0.4158E+01  0.4057E+01  0.3937E+01  0.3800E+01  0.3596E+01  0.3482E+01  0.3462E+01  0.3420E+01  0.3306E+01
         NaN         NaN         NaN         NaN         NaN         NaN         NaN         NaN         NaN         NaN         NaN         NaN         NaN         NaN         NaN         NaN         NaN         NaN         NaN         NaN         NaN         NaN         NaN         NaN         NaN  0.5662E+01  0.4268E+01  0.4158E+01  0.4414E+01  0.4339E+01  0.4603E+01  0.4456E+01  0.4499E+01  0.4355E+01  0.4373E+01  0.4348E+01  0.4344E+01  0.4279E+01  0.4253E+01  0.4178E+01  0.4110E+01  0.4006E+01  0.3897E+01  0.3771E+01  0.3615E+01  0.3520E+01  0.3496E+01  0.3444E+01  0.3314E+01
         NaN         NaN         NaN         NaN         NaN         NaN         NaN         NaN         NaN         NaN         NaN         NaN         NaN         NaN         NaN         NaN         NaN         NaN         NaN         NaN         NaN         NaN         NaN         NaN         NaN  0.3220E+01  0.4239E+01  0.4148E+01  0.4379E+01  0.4313E+01  0.4579E+01  0.4436E+01  0.4503E+01  0.4368E+01  0.4388E+01  0.4354E+01  0.4339E+01  0.4266E+01  0.4232E+01  0.4147E+01  0.4083E+01  0.3980E+01  0.3883E+01  0.3771E+01  0.3646E+01  0.3563E+01  0.3528E+01  0.3466E+01  0.3321E+01
         NaN         NaN         NaN         NaN         NaN         NaN         NaN         NaN         NaN         NaN         NaN         NaN         NaN         NaN         NaN         NaN         NaN         NaN         NaN         NaN         NaN         NaN         NaN         NaN         NaN         NaN  0.4387E+01  0.4254E+01  0.4424E+01  0.4342E+01  0.4594E+01  0.4440E+01  0.4508E+01  0.4379E+01  0.4399E+01  0.4360E+01  0.4337E+01  0.4257E+01  0.4215E+01  0.4126E+01  0.4061E+01  0.3965E+01  0.3882E+01  0.3780E+01  0.3678E+01  0.3603E+01  0.3555E+01  0.3487E+01  0.3327E+01
         NaN         NaN         NaN         NaN         NaN         NaN         NaN         NaN         NaN         NaN         NaN         NaN         NaN         NaN         NaN         NaN         NaN         NaN         NaN         NaN         NaN         NaN         NaN         NaN         NaN         NaN  0.4341E+01  0.4246E+01  0.4450E+01  0.4354E+01  0.4598E+01  0.4441E+01  0.4506E+01  0.4385E+01  0.4398E+01  0.4354E+01  0.4326E+01  0.4242E+01  0.4196E+01  0.4103E+01  0.4049E+01  0.3957E+01  0.3885E+01  0.3794E+01  0.3710E+01  0.3638E+01  0.3581E+01  0.3505E+01  0.3335E+01
         NaN         NaN         NaN         NaN         NaN         NaN         NaN         NaN         NaN         NaN         NaN         NaN         NaN         NaN         NaN         NaN         NaN         NaN         NaN         NaN         NaN         NaN         NaN         NaN         NaN         NaN  0.4117E+01  0.4111E+01  0.4363E+01  0.4298E+01  0.4550E+01  0.4423E+01  0.4502E+01  0.4391E+01  0.4403E+01  0.4356E+01  0.4326E+01  0.4238E+01  0.4190E+01  0.4097E+01  0.4047E+01  0.3966E+01  0.3897E+01  0.3811E+01  0.3738E+01  0.3668E+01  0.3605E+01  0.3523E+01  0.3344E+01
         NaN         NaN         NaN         NaN         NaN         NaN         NaN         NaN         NaN         NaN         NaN         NaN         NaN         NaN         NaN         NaN         NaN         NaN         NaN         NaN         NaN         NaN         NaN         NaN         NaN         NaN  0.4079E+01  0.4072E+01  0.4341E+01  0.4291E+01  0.4532E+01  0.4426E+01  0.4500E+01  0.4399E+01  0.4411E+01  0.4360E+01  0.4330E+01  0.4241E+01  0.4191E+01  0.4100E+01  0.4054E+01  0.3977E+01  0.3909E+01  0.3826E+01  0.3761E+01  0.3692E+01  0.3623E+01  0.3535E+01  0.3353E+01
         NaN         NaN         NaN         NaN         NaN         NaN         NaN         NaN         NaN         NaN         NaN         NaN         NaN         NaN         NaN         NaN         NaN         NaN         NaN         NaN         NaN         NaN         NaN         NaN         NaN         NaN  0.3926E+01  0.3982E+01  0.4295E+01  0.4280E+01  0.4514E+01  0.4424E+01  0.4494E+01  0.4397E+01  0.4408E+01  0.4357E+01  0.4327E+01  0.4243E+01  0.4195E+01  0.4107E+01  0.4064E+01  0.3992E+01  0.3925E+01  0.3845E+01  0.3788E+01  0.3715E+01  0.3640E+01  0.3548E+01  0.3361E+01
         NaN         NaN         NaN         NaN         NaN         NaN         NaN         NaN         NaN         NaN         NaN         NaN         NaN         NaN         NaN         NaN         NaN         NaN         NaN         NaN         NaN         NaN         NaN         NaN         NaN         NaN  0.3854E+01  0.3938E+01  0.4262E+01  0.4261E+01  0.4497E+01  0.4419E+01  0.4495E+01  0.4401E+01  0.4425E+01  0.4368E+01  0.4351E+01  0.4268E+01  0.4215E+01  0.4129E+01  0.4080E+01  0.4009E+01  0.3942E+01  0.3863E+01  0.3804E+01  0.3731E+01  0.3654E+01  0.3558E+01  0.3369E+01
         NaN         NaN         NaN         NaN         NaN         NaN         NaN         NaN         NaN         NaN         NaN         NaN         NaN         NaN         NaN         NaN         NaN         NaN         NaN         NaN         NaN         NaN         NaN         NaN         NaN         NaN  0.4044E+01  0.4064E+01  0.4331E+01  0.4290E+01  0.4509E+01  0.4428E+01  0.4494E+01  0.4399E+01  0.4420E+01  0.4357E+01  0.4342E+01  0.4268E+01  0.4218E+01  0.4138E+01  0.4088E+01  0.4023E+01  0.3961E+01  0.3881E+01  0.3822E+01  0.3749E+01  0.3672E+01  0.3569E+01  0.3376E+01
         NaN         NaN         NaN         NaN         NaN         NaN         NaN         NaN         NaN         NaN         NaN         NaN         NaN         NaN         NaN         NaN         NaN         NaN         NaN         NaN         NaN         NaN         NaN         NaN         NaN         NaN         NaN  0.3938E+01  0.4210E+01  0.4202E+01  0.4463E+01  0.4379E+01  0.4485E+01  0.4391E+01  0.4437E+01  0.4370E+01  0.4363E+01  0.4292E+01  0.4238E+01  0.4164E+01  0.4110E+01  0.4049E+01  0.3982E+01  0.3904E+01  0.3842E+01  0.3766E+01  0.3687E+01  0.3579E+01  0.3382E+01
         NaN         NaN         NaN         NaN         NaN         NaN         NaN         NaN         NaN         NaN         NaN         NaN         NaN         NaN         NaN         NaN         NaN         NaN         NaN         NaN         NaN         NaN         NaN         NaN         NaN         NaN         NaN  0.4352E+01  0.4405E+01  0.4298E+01  0.4525E+01  0.4378E+01  0.4480E+01  0.4380E+01  0.4434E+01  0.4367E+01  0.4361E+01  0.4293E+01  0.4244E+01  0.4174E+01  0.4122E+01  0.4063E+01  0.3996E+01  0.3922E+01  0.3857E+01  0.3781E+01  0.3702E+01  0.3590E+01  0.3389E+01
         NaN         NaN         NaN         NaN         NaN         NaN         NaN         NaN         NaN         NaN         NaN         NaN         NaN         NaN         NaN         NaN         NaN         NaN         NaN         NaN         NaN         NaN         NaN         NaN         NaN         NaN         NaN  0.4292E+01  0.4704E+01  0.4592E+01  0.4445E+01  0.4264E+01  0.4451E+01  0.4351E+01  0.4446E+01  0.4382E+01  0.4382E+01  0.4314E+01  0.4264E+01  0.4199E+01  0.4149E+01  0.4087E+01  0.4018E+01  0.3944E+01  0.3876E+01  0.3797E+01  0.3717E+01  0.3602E+01  0.3396E+01
         NaN         NaN         NaN         NaN         NaN         NaN         NaN         NaN         NaN         NaN         NaN         NaN         NaN         NaN         NaN         NaN         NaN         NaN         NaN         NaN         NaN         NaN         NaN         NaN         NaN         NaN         NaN         NaN  0.5881E+01  0.5355E+01  0.4638E+01  0.4241E+01  0.4444E+01  0.4336E+01  0.4444E+01  0.4379E+01  0.4383E+01  0.4319E+01  0.4272E+01  0.4211E+01  0.4160E+01  0.4101E+01  0.4031E+01  0.3958E+01  0.3887E+01  0.3810E+01  0.3729E+01  0.3614E+01  0.3403E+01
         NaN         NaN         NaN         NaN         NaN         NaN         NaN         NaN         NaN         NaN         NaN         NaN         NaN         NaN         NaN         NaN         NaN         NaN         NaN         NaN         NaN         NaN         NaN         NaN         NaN  0.3095E+01  0.2371E+01  0.1805E+01         NaN  0.4681E+01  0.4522E+01  0.4097E+01  0.4418E+01  0.4321E+01  0.4443E+01  0.4380E+01  0.4386E+01  0.4327E+01  0.4278E+01  0.4219E+01  0.4166E+01  0.4108E+01  0.4039E+01  0.3966E+01  0.3896E+01  0.3821E+01  0.3738E+01  0.3623E+01  0.3409E+01
         NaN         NaN         NaN         NaN         NaN         NaN         NaN         NaN         NaN         NaN         NaN         NaN         NaN         NaN         NaN         NaN         NaN         NaN         NaN         NaN         NaN         NaN         NaN  0.4622E+01  0.4754E+01  0.5060E+01  0.4481E+01  0.4774E+01  0.4400E+01  0.4212E+01  0.4261E+01  0.3988E+01  0.4381E+01  0.4308E+01  0.4445E+01  0.4388E+01  0.4398E+01  0.4338E+01  0.4287E+01  0.4231E+01  0.4180E+01  0.4122E+01  0.4053E+01  0.3976E+01  0.3904E+01  0.3830E+01  0.3749E+01  0.3632E+01  0.3415E+01
         NaN         NaN         NaN         NaN         NaN         NaN         NaN         NaN         NaN         NaN         NaN         NaN         NaN         NaN         NaN         NaN         NaN         NaN         NaN         NaN         NaN         NaN         NaN  0.4785E+01  0.4852E+01  0.4945E+01  0.4049E+01  0.4030E+01  0.3703E+01  0.3836E+01  0.4149E+01  0.3985E+01  0.4362E+01  0.4309E+01  0.4436E+01  0.4382E+01  0.4396E+01  0.4337E+01  0.4285E+01  0.4231E+01  0.4177E+01  0.4120E+01  0.4051E+01  0.3973E+01  0.3911E+01  0.3838E+01  0.3762E+01  0.3641E+01  0.3421E+01
         NaN         NaN         NaN         NaN         NaN         NaN         NaN         NaN         NaN         NaN         NaN         NaN         NaN         NaN         NaN         NaN         NaN         NaN         NaN         NaN         NaN         NaN  0.4028E+01  0.3823E+01  0.3923E+01  0.3973E+01  0.3257E+01  0.3415E+01  0.3439E+01  0.3649E+01  0.4025E+01  0.3994E+01  0.4343E+01  0.4310E+01  0.4438E+01  0.4391E+01  0.4407E+01  0.4352E+01  0.4301E+01  0.4251E+01  0.4196E+01  0.4137E+01  0.4068E+01  0.3986E+01  0.3921E+01  0.3846E+01  0.3774E+01  0.3650E+01  0.3427E+01
         NaN         NaN         NaN         NaN         NaN         NaN         NaN         NaN         NaN         NaN         NaN         NaN         NaN         NaN         NaN         NaN         NaN         NaN         NaN         NaN         NaN  0.3895E+01  0.3986E+01  0.3579E+01  0.3182E+01  0.3228E+01  0.3170E+01  0.3391E+01  0.3496E+01  0.3709E+01  0.4030E+01  0.4013E+01  0.4329E+01  0.4306E+01  0.4425E+01  0.4382E+01  0.4401E+01  0.4349E+01  0.4303E+01  0.4254E+01  0.4203E+01  0.4142E+01  0.4078E+01  0.3991E+01  0.3932E+01  0.3859E+01  0.3786E+01  0.3663E+01  0.3434E+01
         NaN         NaN         NaN         NaN         NaN         NaN         NaN         NaN         NaN         NaN         NaN         NaN         NaN         NaN         NaN         NaN         NaN         NaN         NaN         NaN         NaN  0.4492E+01  0.4527E+01  0.4575E+01  0.4179E+01  0.4463E+01  0.4291E+01  0.4390E+01  0.4105E+01  0.4035E+01  0.4162E+01  0.4053E+01  0.4338E+01  0.4317E+01  0.4434E+01  0.4393E+01  0.4415E+01  0.4362E+01  0.4322E+01  0.4272E+01  0.4219E+01  0.4152E+01  0.4085E+01  0.3997E+01  0.3941E+01  0.3868E+01  0.3793E+01  0.3673E+01  0.3442E+01
         NaN         NaN         NaN         NaN         NaN         NaN         NaN         NaN         NaN         NaN         NaN         NaN         NaN         NaN         NaN         NaN         NaN         NaN         NaN         NaN  0.4869E+01  0.4999E+01  0.4683E+01  0.4566E+01  0.4386E+01  0.4322E+01  0.4202E+01  0.4272E+01  0.4302E+01  0.4218E+01  0.4146E+01  0.4007E+01  0.4325E+01  0.4303E+01  0.4426E+01  0.4389E+01  0.4401E+01  0.4350E+01  0.4316E+01  0.4269E+01  0.4222E+01  0.4153E+01  0.4091E+01  0.4005E+01  0.3950E+01  0.3878E+01  0.3803E+01  0.3682E+01  0.3448E+01
         NaN         NaN         NaN         NaN         NaN         NaN         NaN         NaN         NaN         NaN         NaN         NaN         NaN         NaN         NaN         NaN         NaN         NaN         NaN         NaN  0.4163E+01  0.4378E+01  0.4479E+01  0.4761E+01  0.4933E+01  0.5128E+01  0.5051E+01  0.5149E+01  0.4900E+01  0.4520E+01  0.4205E+01  0.3998E+01  0.4340E+01  0.4312E+01  0.4441E+01  0.4408E+01  0.4417E+01  0.4366E+01  0.4329E+01  0.4282E+01  0.4231E+01  0.4158E+01  0.4097E+01  0.4014E+01  0.3958E+01  0.3887E+01  0.3812E+01  0.3689E+01  0.3454E+01
         NaN         NaN         NaN         NaN         NaN         NaN         NaN         NaN         NaN         NaN         NaN         NaN         NaN         NaN         NaN         NaN         NaN         NaN         NaN  0.5220E+01  0.4838E+01  0.4911E+01  0.4969E+01  0.4998E+01  0.5385E+01  0.5401E+01  0.5350E+01  0.5129E+01  0.4406E+01  0.4116E+01  0.4117E+01  0.3947E+01  0.4342E+01  0.4317E+01  0.4436E+01  0.4407E+01  0.4407E+01  0.4354E+01  0.4322E+01  0.4275E+01  0.4234E+01  0.4159E+01  0.4101E+01  0.4021E+01  0.3967E+01  0.3896E+01  0.3821E+01  0.3694E+01  0.3459E+01
         NaN         NaN         NaN         NaN         NaN         NaN         NaN         NaN         NaN         NaN         NaN         NaN         NaN         NaN         NaN         NaN         NaN         NaN         NaN  0.4163E+01  0.3845E+01  0.4059E+01  0.4267E+01  0.4421E+01  0.4804E+01  0.4790E+01  0.4623E+01  0.4300E+01  0.3833E+01  0.3835E+01  0.3985E+01  0.3934E+01  0.4344E+01  0.4332E+01  0.4457E+01  0.4427E+01  0.4423E+01  0.4363E+01  0.4331E+01  0.4282E+01  0.4242E+01  0.4164E+01  0.4106E+01  0.4024E+01  0.3976E+01  0.3905E+01  0.3830E+01  0.3702E+01  0.3462E+01
         NaN         NaN         NaN         NaN         NaN         NaN         NaN         NaN         NaN         NaN         NaN         NaN         NaN         NaN         NaN         NaN         NaN         NaN         NaN  0.4389E+01  0.4052E+01  0.4170E+01  0.4270E+01  0.4337E+01  0.4698E+01  0.4611E+01  0.4288E+01  0.4103E+01  0.3785E+01  0.3791E+01  0.4007E+01  0.3981E+01  0.4359E+01  0.4357E+01  0.4465E+01  0.4432E+01  0.4418E+01  0.4356E+01  0.4329E+01  0.4281E+01  0.4245E+01  0.4165E+01  0.4110E+01  0.4027E+01  0.3980E+01  0.3912E+01  0.3838E+01  0.3708E+01  0.3465E+01
         NaN         NaN         NaN         NaN         NaN         NaN         NaN         NaN         NaN         NaN         NaN         NaN         NaN         NaN         NaN         NaN         NaN         NaN         NaN  0.3745E+01  0.3623E+01  0.3707E+01  0.3778E+01  0.3789E+01  0.3947E+01  0.3820E+01  0.3634E+01  0.3645E+01  0.3553E+01  0.3697E+01  0.3978E+01  0.4005E+01  0.4366E+01  0.4376E+01  0.4481E+01  0.4444E+01  0.4425E+01  0.4362E+01  0.4336E+01  0.4286E+01  0.4252E+01  0.4169E+01  0.4114E+01  0.4030E+01  0.3983E+01  0.3919E+01  0.3846E+01  0.3714E+01  0.3469E+01
         NaN         NaN         NaN         NaN         NaN         NaN         NaN         NaN         NaN         NaN         NaN         NaN         NaN         NaN         NaN         NaN         NaN         NaN  0.2844E+01  0.3336E+01  0.3433E+01  0.3593E+01  0.3794E+01  0.3958E+01  0.4105E+01  0.4144E+01  0.3756E+01  0.3756E+01  0.3700E+01  0.3774E+01  0.4060E+01  0.4086E+01  0.4396E+01  0.4405E+01  0.4500E+01  0.4457E+01  0.4433E+01  0.4369E+01  0.4341E+01  0.4293E+01  0.4253E+01  0.4170E+01  0.4114E+01  0.4027E+01  0.3986E+01  0.3922E+01  0.3853E+01  0.3719E+01  0.3473E+01
         NaN         NaN         NaN         NaN         NaN         NaN         NaN         NaN         NaN         NaN         NaN         NaN         NaN         NaN         NaN         NaN         NaN         NaN         NaN  0.4426E+01  0.4459E+01  0.4506E+01  0.4394E+01  0.4121E+01  0.3798E+01  0.3613E+01  0.3316E+01  0.3448E+01  0.3595E+01  0.3765E+01  0.4072E+01  0.4128E+01  0.4410E+01  0.4419E+01  0.4501E+01  0.4450E+01  0.4425E+01  0.4367E+01  0.4342E+01  0.4298E+01  0.4260E+01  0.4176E+01  0.4116E+01  0.4031E+01  0.3988E+01  0.3925E+01  0.3858E+01  0.3724E+01  0.3478E+01
         NaN         NaN         NaN         NaN         NaN         NaN         NaN         NaN         NaN         NaN         NaN         NaN         NaN         NaN         NaN         NaN         NaN         NaN  0.4437E+01  0.4964E+01  0.4844E+01  0.4698E+01  0.4400E+01  0.4074E+01  0.3850E+01  0.3787E+01  0.3506E+01  0.3622E+01  0.3767E+01  0.3896E+01  0.4158E+01  0.4196E+01  0.4454E+01  0.4453E+01  0.4535E+01  0.4476E+01  0.4454E+01  0.4402E+01  0.4378E+01  0.4334E+01  0.4286E+01  0.4198E+01  0.4130E+01  0.4046E+01  0.4000E+01  0.3935E+01  0.3868E+01  0.3731E+01  0.3482E+01
         NaN         NaN         NaN         NaN         NaN         NaN         NaN         NaN         NaN         NaN         NaN         NaN         NaN         NaN         NaN         NaN         NaN         NaN  0.4975E+01  0.5182E+01  0.4915E+01  0.4697E+01  0.4398E+01  0.4163E+01  0.4112E+01  0.4128E+01  0.3774E+01  0.3860E+01  0.3930E+01  0.3986E+01  0.4213E+01  0.4223E+01  0.4456E+01  0.4442E+01  0.4516E+01  0.4456E+01  0.4438E+01  0.4395E+01  0.4378E+01  0.4335E+01  0.4283E+01  0.4195E+01  0.4128E+01  0.4046E+01  0.4001E+01  0.3938E+01  0.3870E+01  0.3734E+01  0.3485E+01
         NaN         NaN         NaN         NaN         NaN         NaN         NaN         NaN         NaN         NaN         NaN         NaN         NaN         NaN         NaN         NaN         NaN         NaN  0.5086E+01  0.5166E+01  0.4708E+01  0.4532E+01  0.4339E+01  0.4185E+01  0.4087E+01  0.4038E+01  0.3835E+01  0.3906E+01  0.3987E+01  0.4032E+01  0.4256E+01  0.4245E+01  0.4482E+01  0.4458E+01  0.4533E+01  0.4472E+01  0.4461E+01  0.4422E+01  0.4408E+01  0.4363E+01  0.4303E+01  0.4214E+01  0.4141E+01  0.4061E+01  0.4010E+01  0.3948E+01  0.3876E+01  0.3740E+01  0.3488E+01
         NaN         NaN         NaN         NaN         NaN         NaN         NaN         NaN         NaN         NaN         NaN         NaN         NaN         NaN         NaN         NaN         NaN         NaN  0.4548E+01  0.4582E+01  0.4183E+01  0.4050E+01  0.3988E+01  0.4023E+01  0.4153E+01  0.4278E+01  0.4096E+01  0.4140E+01  0.4112E+01  0.4077E+01  0.4277E+01  0.4240E+01  0.4475E+01  0.4445E+01  0.4515E+01  0.4455E+01  0.4451E+01  0.4416E+01  0.4408E+01  0.4363E+01  0.4303E+01  0.4213E+01  0.4141E+01  0.4062E+01  0.4011E+01  0.3953E+01  0.3881E+01  0.3745E+01  0.3491E+01
         NaN         NaN         NaN         NaN         NaN         NaN         NaN         NaN         NaN         NaN         NaN         NaN         NaN         NaN         NaN         NaN         NaN         NaN  0.4351E+01  0.4472E+01  0.4232E+01  0.4157E+01  0.4054E+01  0.4047E+01  0.4141E+01  0.4131E+01  0.4095E+01  0.4091E+01  0.4053E+01  0.4037E+01  0.4260E+01  0.4216E+01  0.4464E+01  0.4431E+01  0.4507E+01  0.4448E+01  0.4452E+01  0.4424E+01  0.4416E+01  0.4369E+01  0.4305E+01  0.4216E+01  0.4138E+01  0.4062E+01  0.4007E+01  0.3952E+01  0.3882E+01  0.3749E+01  0.3495E+01
         NaN         NaN         NaN         NaN         NaN         NaN         NaN         NaN         NaN         NaN         NaN         NaN         NaN         NaN         NaN         NaN         NaN         NaN  0.3453E+01  0.3608E+01  0.3439E+01  0.3454E+01  0.3515E+01  0.3710E+01  0.4008E+01  0.4155E+01  0.4175E+01  0.4167E+01  0.4095E+01  0.4069E+01  0.4277E+01  0.4212E+01  0.4461E+01  0.4423E+01  0.4499E+01  0.4442E+01  0.4451E+01  0.4428E+01  0.4419E+01  0.4372E+01  0.4307E+01  0.4220E+01  0.4142E+01  0.4069E+01  0.4012E+01  0.3958E+01  0.3887E+01  0.3755E+01  0.3500E+01
         NaN         NaN         NaN         NaN         NaN         NaN         NaN         NaN         NaN         NaN         NaN         NaN         NaN         NaN         NaN         NaN         NaN         NaN  0.3294E+01  0.3678E+01  0.3680E+01  0.3656E+01  0.3664E+01  0.3748E+01  0.4000E+01  0.4080E+01  0.4132E+01  0.4107E+01  0.4009E+01  0.4010E+01  0.4227E+01  0.4169E+01  0.4430E+01  0.4390E+01  0.4477E+01  0.4429E+01  0.4450E+01  0.4431E+01  0.4423E+01  0.4377E+01  0.4307E+01  0.4221E+01  0.4141E+01  0.4067E+01  0.4010E+01  0.3953E+01  0.3884E+01  0.3754E+01  0.3505E+01
         NaN         NaN         NaN         NaN         NaN         NaN         NaN         NaN         NaN         NaN         NaN         NaN         NaN         NaN         NaN         NaN         NaN         NaN         NaN  0.3539E+01  0.3632E+01  0.3737E+01  0.3859E+01  0.4027E+01  0.4339E+01  0.4392E+01  0.4350E+01  0.4250E+01  0.4072E+01  0.4045E+01  0.4240E+01  0.4170E+01  0.4428E+01  0.4383E+01  0.4475E+01  0.4428E+01  0.4453E+01  0.4437E+01  0.4429E+01  0.4384E+01  0.4311E+01  0.4226E+01  0.4148E+01  0.4074E+01  0.4017E+01  0.3959E+01  0.3888E+01  0.3756E+01  0.3510E+01
         NaN         NaN         NaN         NaN         NaN         NaN         NaN         NaN         NaN         NaN         NaN         NaN         NaN         NaN         NaN         NaN         NaN         NaN         NaN  0.2977E+01  0.3132E+01  0.3298E+01  0.3588E+01  0.3868E+01  0.3932E+01  0.3877E+01  0.3659E+01  0.3627E+01  0.3791E+01  0.3838E+01  0.4040E+01  0.4005E+01  0.4281E+01  0.4248E+01  0.4372E+01  0.4336E+01  0.4399E+01  0.4387E+01  0.4403E+01  0.4359E+01  0.4300E+01  0.4217E+01  0.4146E+01  0.4074E+01  0.4019E+01  0.3961E+01  0.3889E+01  0.3756E+01  0.3512E+01
         NaN         NaN         NaN         NaN         NaN         NaN         NaN         NaN         NaN         NaN         NaN         NaN         NaN         NaN         NaN         NaN         NaN         NaN         NaN  0.3281E+01  0.3585E+01  0.3888E+01  0.4182E+01  0.4304E+01  0.4185E+01  0.4134E+01  0.4127E+01  0.4299E+01  0.4355E+01  0.4225E+01  0.4234E+01  0.4110E+01  0.4370E+01  0.4303E+01  0.4422E+01  0.4368E+01  0.4433E+01  0.4409E+01  0.4418E+01  0.4370E+01  0.4308E+01  0.4226E+01  0.4154E+01  0.4082E+01  0.4025E+01  0.3964E+01  0.3891E+01  0.3757E+01  0.3515E+01
         NaN         NaN         NaN         NaN         NaN         NaN         NaN         NaN         NaN         NaN         NaN         NaN         NaN         NaN         NaN         NaN         NaN         NaN         NaN  0.3070E+01  0.3628E+01  0.4058E+01  0.4411E+01  0.4487E+01  0.4084E+01  0.4097E+01  0.4155E+01  0.4270E+01  0.4320E+01  0.4198E+01  0.4145E+01  0.4017E+01  0.4288E+01  0.4206E+01  0.4345E+01  0.4288E+01  0.4377E+01  0.4348E+01  0.4377E+01  0.4328E+01  0.4281E+01  0.4201E+01  0.4141E+01  0.4070E+01  0.4020E+01  0.3956E+01  0.3889E+01  0.3757E+01  0.3517E+01
         NaN         NaN         NaN         NaN         NaN         NaN         NaN         NaN         NaN         NaN         NaN         NaN         NaN         NaN         NaN         NaN         NaN         NaN         NaN  0.3522E+01  0.4110E+01  0.4648E+01  0.5060E+01  0.4973E+01  0.4678E+01  0.4808E+01  0.4855E+01  0.4916E+01  0.4854E+01  0.4676E+01  0.4380E+01  0.4165E+01  0.4392E+01  0.4263E+01  0.4405E+01  0.4328E+01  0.4419E+01  0.4376E+01  0.4403E+01  0.4345E+01  0.4294E+01  0.4212E+01  0.4151E+01  0.4077E+01  0.4025E+01  0.3957E+01  0.3890E+01  0.3758E+01  0.3519E+01
         NaN         NaN         NaN         NaN         NaN         NaN         NaN         NaN         NaN         NaN         NaN         NaN         NaN         NaN         NaN         NaN         NaN         NaN         NaN         NaN  0.5861E+01  0.6598E+01  0.5796E+01  0.5582E+01  0.5283E+01  0.5388E+01  0.5257E+01  0.5137E+01  0.4934E+01  0.4750E+01  0.4363E+01  0.4149E+01  0.4389E+01  0.4236E+01  0.4389E+01  0.4299E+01  0.4397E+01  0.4344E+01  0.4364E+01  0.4300E+01  0.4243E+01  0.4164E+01  0.4116E+01  0.4042E+01  0.4006E+01  0.3936E+01  0.3882E+01  0.3750E+01  0.3522E+01
         NaN         NaN         NaN         NaN         NaN         NaN         NaN         NaN         NaN         NaN         NaN         NaN         NaN         NaN         NaN         NaN         NaN         NaN         NaN         NaN  0.8037E+01  0.7574E+01  0.6160E+01  0.5936E+01  0.5580E+01  0.5553E+01  0.5255E+01  0.5022E+01  0.4808E+01  0.4678E+01  0.4298E+01  0.4156E+01  0.4378E+01  0.4227E+01  0.4392E+01  0.4300E+01  0.4410E+01  0.4359E+01  0.4387E+01  0.4325E+01  0.4272E+01  0.4188E+01  0.4138E+01  0.4057E+01  0.4020E+01  0.3941E+01  0.3887E+01  0.3751E+01  0.3523E+01
         NaN         NaN         NaN         NaN         NaN         NaN         NaN         NaN         NaN         NaN         NaN         NaN         NaN         NaN         NaN         NaN         NaN         NaN         NaN         NaN  0.8218E+01  0.7405E+01  0.6139E+01  0.5947E+01  0.5527E+01  0.5399E+01  0.5061E+01  0.4846E+01  0.4689E+01  0.4616E+01  0.4256E+01  0.4162E+01  0.4361E+01  0.4225E+01  0.4404E+01  0.4318E+01  0.4446E+01  0.4400E+01  0.4427E+01  0.4364E+01  0.4304E+01  0.4214E+01  0.4158E+01  0.4074E+01  0.4032E+01  0.3949E+01  0.3890E+01  0.3753E+01  0.3525E+01
         NaN         NaN         NaN         NaN         NaN         NaN         NaN         NaN         NaN         NaN         NaN         NaN         NaN         NaN         NaN         NaN         NaN         NaN         NaN         NaN  0.7608E+01  0.7033E+01  0.5915E+01  0.5759E+01  0.5321E+01  0.5172E+01  0.4889E+01  0.4718E+01  0.4611E+01  0.4562E+01  0.4210E+01  0.4139E+01  0.4319E+01  0.4193E+01  0.4376E+01  0.4300E+01  0.4440E+01  0.4400E+01  0.4427E+01  0.4362E+01  0.4298E+01  0.4205E+01  0.4153E+01  0.4070E+01  0.4031E+01  0.3949E+01  0.3889E+01  0.3754E+01  0.3527E+01
         NaN         NaN         NaN         NaN         NaN         NaN         NaN         NaN         NaN         NaN         NaN         NaN         NaN         NaN         NaN         NaN         NaN         NaN         NaN         NaN  0.6797E+01  0.6596E+01  0.5665E+01  0.5539E+01  0.5144E+01  0.5020E+01  0.4791E+01  0.4668E+01  0.4596E+01  0.4564E+01  0.4208E+01  0.4142E+01  0.4313E+01  0.4198E+01  0.4389E+01  0.4326E+01  0.4480E+01  0.4440E+01  0.4470E+01  0.4396E+01  0.4331E+01  0.4236E+01  0.4178E+01  0.4093E+01  0.4047E+01  0.3966E+01  0.3895E+01  0.3760E+01  0.3529E+01
         NaN         NaN         NaN         NaN         NaN         NaN         NaN         NaN         NaN         NaN         NaN         NaN         NaN         NaN         NaN         NaN         NaN         NaN         NaN         NaN         NaN  0.5676E+01  0.5477E+01  0.5404E+01  0.5073E+01  0.4953E+01  0.4723E+01  0.4614E+01  0.4529E+01  0.4483E+01  0.4130E+01  0.4067E+01  0.4251E+01  0.4158E+01  0.4356E+01  0.4308E+01  0.4467E+01  0.4429E+01  0.4453E+01  0.4377E+01  0.4312E+01  0.4222E+01  0.4167E+01  0.4087E+01  0.4043E+01  0.3962E+01  0.3893E+01  0.3760E+01  0.3529E+01
         NaN         NaN         NaN         NaN         NaN         NaN         NaN         NaN         NaN         NaN         NaN         NaN         NaN         NaN         NaN         NaN         NaN         NaN         NaN         NaN         NaN  0.3795E+01  0.5380E+01  0.5388E+01  0.5112E+01  0.4992E+01  0.4717E+01  0.4595E+01  0.4488E+01  0.4442E+01  0.4105E+01  0.4052E+01  0.4243E+01  0.4163E+01  0.4362E+01  0.4322E+01  0.4484E+01  0.4445E+01  0.4462E+01  0.4384E+01  0.4318E+01  0.4229E+01  0.4165E+01  0.4090E+01  0.4030E+01  0.3952E+01  0.3884E+01  0.3751E+01  0.3529E+01
         NaN         NaN         NaN         NaN         NaN         NaN         NaN         NaN         NaN         NaN         NaN         NaN         NaN         NaN         NaN         NaN         NaN         NaN         NaN         NaN         NaN         NaN  0.5409E+01  0.5413E+01  0.5149E+01  0.5061E+01  0.4764E+01  0.4600E+01  0.4424E+01  0.4345E+01  0.4032E+01  0.3984E+01  0.4196E+01  0.4131E+01  0.4334E+01  0.4302E+01  0.4465E+01  0.4428E+01  0.4446E+01  0.4367E+01  0.4305E+01  0.4224E+01  0.4164E+01  0.4098E+01  0.4039E+01  0.3963E+01  0.3889E+01  0.3752E+01  0.3529E+01
         NaN         NaN         NaN         NaN         NaN         NaN         NaN         NaN         NaN         NaN         NaN         NaN         NaN         NaN         NaN         NaN         NaN         NaN         NaN         NaN         NaN  0.6045E+01  0.5499E+01  0.5465E+01  0.4907E+01  0.4852E+01  0.4859E+01  0.4709E+01  0.4467E+01  0.4322E+01  0.4002E+01  0.3971E+01  0.4192E+01  0.4128E+01  0.4336E+01  0.4308E+01  0.4470E+01  0.4433E+01  0.4449E+01  0.4368E+01  0.4310E+01  0.4233E+01  0.4169E+01  0.4109E+01  0.4037E+01  0.3960E+01  0.3883E+01  0.3743E+01  0.3529E+01
         NaN         NaN         NaN         NaN         NaN         NaN         NaN         NaN         NaN         NaN         NaN         NaN         NaN         NaN         NaN         NaN         NaN         NaN         NaN         NaN         NaN  0.5872E+01  0.5102E+01  0.5099E+01  0.4678E+01  0.4723E+01  0.4816E+01  0.4766E+01  0.4540E+01  0.4361E+01  0.4001E+01  0.3959E+01  0.4172E+01  0.4104E+01  0.4315E+01  0.4297E+01  0.4460E+01  0.4423E+01  0.4438E+01  0.4360E+01  0.4305E+01  0.4233E+01  0.4173E+01  0.4119E+01  0.4045E+01  0.3967E+01  0.3887E+01  0.3744E+01  0.3529E+01
         NaN         NaN         NaN         NaN         NaN         NaN         NaN         NaN         NaN         NaN         NaN         NaN         NaN         NaN         NaN         NaN         NaN         NaN         NaN         NaN         NaN  0.6249E+01  0.5050E+01  0.5059E+01  0.4631E+01  0.4528E+01  0.4368E+01  0.4289E+01  0.4380E+01  0.4229E+01  0.3983E+01  0.3927E+01  0.4130E+01  0.4069E+01  0.4286E+01  0.4274E+01  0.4441E+01  0.4403E+01  0.4431E+01  0.4356E+01  0.4312E+01  0.4241E+01  0.4193E+01  0.4140E+01  0.4075E+01  0.3996E+01  0.3906E+01  0.3761E+01  0.3528E+01
         NaN         NaN         NaN         NaN         NaN         NaN         NaN         NaN         NaN         NaN         NaN         NaN         NaN         NaN         NaN         NaN         NaN         NaN         NaN         NaN         NaN  0.4745E+01  0.4162E+01  0.4143E+01  0.3799E+01  0.3770E+01  0.3767E+01  0.3845E+01  0.4151E+01  0.4176E+01  0.3967E+01  0.3948E+01  0.4151E+01  0.4095E+01  0.4310E+01  0.4288E+01  0.4448E+01  0.4403E+01  0.4429E+01  0.4357E+01  0.4313E+01  0.4242E+01  0.4193E+01  0.4137E+01  0.4070E+01  0.3991E+01  0.3901E+01  0.3761E+01  0.3529E+01
         NaN         NaN         NaN         NaN         NaN         NaN         NaN         NaN         NaN         NaN         NaN         NaN         NaN         NaN         NaN         NaN         NaN         NaN         NaN         NaN         NaN  0.3960E+01  0.4385E+01  0.4425E+01  0.4153E+01  0.4165E+01  0.4109E+01  0.4080E+01  0.4023E+01  0.3968E+01  0.3980E+01  0.3950E+01  0.4191E+01  0.4129E+01  0.4315E+01  0.4290E+01  0.4437E+01  0.4390E+01  0.4418E+01  0.4349E+01  0.4313E+01  0.4245E+01  0.4200E+01  0.4140E+01  0.4076E+01  0.3997E+01  0.3906E+01  0.3769E+01  0.3530E+01
         NaN         NaN         NaN         NaN         NaN         NaN         NaN         NaN         NaN         NaN         NaN         NaN         NaN         NaN         NaN         NaN         NaN         NaN         NaN         NaN         NaN  0.3048E+01  0.3307E+01  0.3237E+01  0.3042E+01  0.3074E+01  0.3114E+01  0.3191E+01  0.3327E+01  0.3517E+01  0.3735E+01  0.3872E+01  0.4135E+01  0.4124E+01  0.4312E+01  0.4298E+01  0.4444E+01  0.4393E+01  0.4421E+01  0.4349E+01  0.4312E+01  0.4244E+01  0.4199E+01  0.4136E+01  0.4073E+01  0.3995E+01  0.3906E+01  0.3770E+01  0.3531E+01
         NaN         NaN         NaN         NaN         NaN         NaN         NaN         NaN         NaN         NaN         NaN         NaN         NaN         NaN         NaN         NaN         NaN         NaN         NaN         NaN         NaN  0.3542E+01  0.3585E+01  0.3558E+01  0.3508E+01  0.3548E+01  0.3632E+01  0.3677E+01  0.3770E+01  0.3867E+01  0.4016E+01  0.4097E+01  0.4249E+01  0.4236E+01  0.4350E+01  0.4341E+01  0.4437E+01  0.4387E+01  0.4407E+01  0.4332E+01  0.4305E+01  0.4238E+01  0.4198E+01  0.4134E+01  0.4074E+01  0.3995E+01  0.3907E+01  0.3770E+01  0.3532E+01
         NaN         NaN         NaN         NaN         NaN         NaN         NaN         NaN         NaN         NaN         NaN         NaN         NaN         NaN         NaN         NaN         NaN         NaN         NaN         NaN         NaN  0.2909E+01  0.3023E+01  0.3014E+01  0.3153E+01  0.3219E+01  0.3355E+01  0.3443E+01  0.3599E+01  0.3746E+01  0.3922E+01  0.4032E+01  0.4180E+01  0.4219E+01  0.4331E+01  0.4352E+01  0.4438E+01  0.4391E+01  0.4408E+01  0.4327E+01  0.4303E+01  0.4238E+01  0.4199E+01  0.4136E+01  0.4076E+01  0.3997E+01  0.3908E+01  0.3771E+01  0.3532E+01
         NaN         NaN         NaN         NaN         NaN         NaN         NaN         NaN         NaN         NaN         NaN         NaN         NaN         NaN         NaN         NaN         NaN         NaN         NaN         NaN         NaN  0.3186E+01  0.3283E+01  0.3281E+01  0.3443E+01  0.3479E+01  0.3614E+01  0.3687E+01  0.3857E+01  0.3979E+01  0.4124E+01  0.4213E+01  0.4322E+01  0.4367E+01  0.4430E+01  0.4455E+01  0.4486E+01  0.4435E+01  0.4421E+01  0.4338E+01  0.4305E+01  0.4242E+01  0.4199E+01  0.4137E+01  0.4077E+01  0.4000E+01  0.3909E+01  0.3773E+01  0.3534E+01
         NaN         NaN         NaN         NaN         NaN         NaN         NaN         NaN         NaN         NaN         NaN         NaN         NaN         NaN         NaN         NaN         NaN         NaN         NaN         NaN         NaN         NaN  0.3173E+01  0.3190E+01  0.3401E+01  0.3463E+01  0.3635E+01  0.3726E+01  0.3904E+01  0.4020E+01  0.4151E+01  0.4230E+01  0.4324E+01  0.4368E+01  0.4418E+01  0.4449E+01  0.4465E+01  0.4423E+01  0.4410E+01  0.4333E+01  0.4305E+01  0.4241E+01  0.4200E+01  0.4138E+01  0.4078E+01  0.4000E+01  0.3909E+01  0.3773E+01  0.3535E+01
         NaN         NaN         NaN         NaN         NaN         NaN         NaN         NaN         NaN         NaN         NaN         NaN         NaN         NaN         NaN         NaN         NaN         NaN         NaN         NaN         NaN         NaN  0.3384E+01  0.3381E+01  0.3588E+01  0.3637E+01  0.3817E+01  0.3893E+01  0.4066E+01  0.4161E+01  0.4270E+01  0.4338E+01  0.4410E+01  0.4446E+01  0.4484E+01  0.4509E+01  0.4507E+01  0.4465E+01  0.4430E+01  0.4356E+01  0.4313E+01  0.4250E+01  0.4203E+01  0.4140E+01  0.4080E+01  0.4003E+01  0.3911E+01  0.3774E+01  0.3536E+01
         NaN         NaN         NaN         NaN         NaN         NaN         NaN         NaN         NaN         NaN         NaN         NaN         NaN         NaN         NaN         NaN         NaN         NaN         NaN         NaN         NaN         NaN  0.3379E+01  0.3368E+01  0.3626E+01  0.3696E+01  0.3894E+01  0.3973E+01  0.4144E+01  0.4228E+01  0.4323E+01  0.4382E+01  0.4440E+01  0.4467E+01  0.4492E+01  0.4510E+01  0.4500E+01  0.4462E+01  0.4423E+01  0.4356E+01  0.4311E+01  0.4252E+01  0.4206E+01  0.4142E+01  0.4082E+01  0.4004E+01  0.3911E+01  0.3776E+01  0.3537E+01
         NaN         NaN         NaN         NaN         NaN         NaN         NaN         NaN         NaN         NaN         NaN         NaN         NaN         NaN         NaN         NaN         NaN         NaN         NaN         NaN         NaN  0.3307E+01  0.3225E+01  0.3250E+01  0.3588E+01  0.3709E+01  0.3968E+01  0.4033E+01  0.4232E+01  0.4303E+01  0.4385E+01  0.4434E+01  0.4480E+01  0.4504E+01  0.4520E+01  0.4528E+01  0.4513E+01  0.4477E+01  0.4431E+01  0.4366E+01  0.4314E+01  0.4257E+01  0.4209E+01  0.4145E+01  0.4085E+01  0.4006E+01  0.3911E+01  0.3776E+01  0.3538E+01
         NaN         NaN         NaN         NaN         NaN         NaN         NaN         NaN         NaN         NaN         NaN         NaN         NaN         NaN         NaN         NaN         NaN         NaN         NaN         NaN         NaN  0.5124E+01  0.4147E+01  0.3939E+01  0.3951E+01  0.3886E+01  0.4082E+01  0.4107E+01  0.4300E+01  0.4362E+01  0.4433E+01  0.4474E+01  0.4509E+01  0.4526E+01  0.4531E+01  0.4536E+01  0.4517E+01  0.4478E+01  0.4429E+01  0.4367E+01  0.4316E+01  0.4261E+01  0.4215E+01  0.4150E+01  0.4088E+01  0.4008E+01  0.3911E+01  0.3775E+01  0.3537E+01
         NaN         NaN         NaN         NaN         NaN         NaN         NaN         NaN         NaN         NaN         NaN         NaN         NaN         NaN         NaN         NaN         NaN         NaN         NaN         NaN  0.4549E+01  0.4104E+01  0.4209E+01  0.3956E+01  0.4099E+01  0.4088E+01  0.4094E+01  0.4106E+01  0.4364E+01  0.4416E+01  0.4483E+01  0.4514E+01  0.4543E+01  0.4552E+01  0.4550E+01  0.4552E+01  0.4528E+01  0.4488E+01  0.4433E+01  0.4375E+01  0.4320E+01  0.4266E+01  0.4218E+01  0.4152E+01  0.4089E+01  0.4008E+01  0.3912E+01  0.3775E+01  0.3536E+01
         NaN         NaN         NaN         NaN         NaN         NaN         NaN         NaN         NaN         NaN         NaN         NaN         NaN         NaN         NaN         NaN         NaN         NaN         NaN         NaN  0.6391E+01  0.6671E+01  0.6162E+01  0.5803E+01  0.4998E+01  0.4390E+01  0.4202E+01  0.4143E+01  0.4417E+01  0.4458E+01  0.4521E+01  0.4543E+01  0.4566E+01  0.4569E+01  0.4565E+01  0.4562E+01  0.4533E+01  0.4492E+01  0.4436E+01  0.4379E+01  0.4320E+01  0.4268E+01  0.4220E+01  0.4153E+01  0.4091E+01  0.4006E+01  0.3910E+01  0.3774E+01  0.3535E+01
         NaN         NaN         NaN         NaN         NaN         NaN         NaN         NaN         NaN         NaN         NaN         NaN         NaN         NaN         NaN         NaN         NaN         NaN         NaN         NaN  0.6870E+01  0.7425E+01  0.6557E+01  0.6067E+01  0.4922E+01  0.4292E+01  0.4153E+01  0.4116E+01  0.4443E+01  0.4477E+01  0.4544E+01  0.4562E+01  0.4585E+01  0.4585E+01  0.4579E+01  0.4571E+01  0.4540E+01  0.4496E+01  0.4440E+01  0.4384E+01  0.4323E+01  0.4273E+01  0.4225E+01  0.4156E+01  0.4094E+01  0.4010E+01  0.3913E+01  0.3775E+01  0.3535E+01
         NaN         NaN         NaN         NaN         NaN         NaN         NaN         NaN         NaN         NaN         NaN         NaN         NaN         NaN         NaN         NaN         NaN         NaN         NaN         NaN  0.6375E+01  0.6538E+01  0.5646E+01  0.5631E+01  0.4895E+01  0.4377E+01  0.4171E+01  0.4137E+01  0.4486E+01  0.4512E+01  0.4574E+01  0.4588E+01  0.4606E+01  0.4601E+01  0.4592E+01  0.4581E+01  0.4543E+01  0.4498E+01  0.4441E+01  0.4384E+01  0.4325E+01  0.4276E+01  0.4225E+01  0.4158E+01  0.4093E+01  0.4008E+01  0.3912E+01  0.3772E+01  0.3535E+01
         NaN         NaN         NaN         NaN         NaN         NaN         NaN         NaN         NaN         NaN         NaN         NaN         NaN         NaN         NaN         NaN         NaN         NaN         NaN         NaN  0.4305E+01  0.4128E+01  0.3965E+01  0.3865E+01  0.3995E+01  0.3881E+01  0.4131E+01  0.4122E+01  0.4490E+01  0.4513E+01  0.4588E+01  0.4601E+01  0.4614E+01  0.4607E+01  0.4598E+01  0.4583E+01  0.4546E+01  0.4499E+01  0.4441E+01  0.4385E+01  0.4326E+01  0.4276E+01  0.4228E+01  0.4160E+01  0.4095E+01  0.4009E+01  0.3911E+01  0.3771E+01  0.3534E+01
         NaN         NaN         NaN         NaN         NaN         NaN         NaN         NaN         NaN         NaN         NaN         NaN         NaN         NaN         NaN         NaN         NaN         NaN         NaN         NaN  0.2760E+01  0.2868E+01  0.3093E+01  0.3434E+01  0.3888E+01  0.4008E+01  0.4173E+01  0.4155E+01  0.4527E+01  0.4542E+01  0.4618E+01  0.4624E+01  0.4632E+01  0.4622E+01  0.4612E+01  0.4591E+01  0.4552E+01  0.4503E+01  0.4443E+01  0.4389E+01  0.4331E+01  0.4276E+01  0.4229E+01  0.4162E+01  0.4092E+01  0.4009E+01  0.3910E+01  0.3768E+01  0.3534E+01
         NaN         NaN         NaN         NaN         NaN         NaN         NaN         NaN         NaN         NaN         NaN         NaN         NaN         NaN         NaN         NaN         NaN         NaN         NaN  0.3386E+01  0.3551E+01  0.3640E+01  0.3739E+01  0.3826E+01  0.3812E+01  0.3863E+01  0.4148E+01  0.4141E+01  0.4508E+01  0.4521E+01  0.4599E+01  0.4601E+01  0.4602E+01  0.4596E+01  0.4592E+01  0.4570E+01  0.4540E+01  0.4491E+01  0.4440E+01  0.4386E+01  0.4328E+01  0.4271E+01  0.4227E+01  0.4161E+01  0.4091E+01  0.4009E+01  0.3910E+01  0.3767E+01  0.3533E+01
         NaN         NaN         NaN         NaN         NaN         NaN         NaN         NaN         NaN         NaN         NaN         NaN         NaN         NaN         NaN         NaN         NaN         NaN         NaN  0.2903E+01  0.3108E+01  0.3225E+01  0.3372E+01  0.3573E+01  0.3716E+01  0.3925E+01  0.4160E+01  0.4169E+01  0.4536E+01  0.4548E+01  0.4630E+01  0.4630E+01  0.4631E+01  0.4620E+01  0.4612E+01  0.4583E+01  0.4551E+01  0.4498E+01  0.4447E+01  0.4393E+01  0.4330E+01  0.4273E+01  0.4227E+01  0.4159E+01  0.4092E+01  0.4008E+01  0.3911E+01  0.3766E+01  0.3532E+01
         NaN         NaN         NaN         NaN         NaN         NaN         NaN         NaN         NaN         NaN         NaN         NaN         NaN         NaN         NaN         NaN         NaN         NaN  0.3163E+01  0.3367E+01  0.3586E+01  0.3728E+01  0.3888E+01  0.4060E+01  0.4077E+01  0.4124E+01  0.4199E+01  0.4219E+01  0.4544E+01  0.4561E+01  0.4632E+01  0.4628E+01  0.4625E+01  0.4610E+01  0.4604E+01  0.4574E+01  0.4547E+01  0.4496E+01  0.4448E+01  0.4391E+01  0.4332E+01  0.4272E+01  0.4228E+01  0.4158E+01  0.4091E+01  0.4006E+01  0.3910E+01  0.3766E+01  0.3531E+01
         NaN         NaN         NaN         NaN         NaN         NaN         NaN         NaN         NaN         NaN         NaN         NaN         NaN         NaN  0.4260E+01  0.4257E+01  0.3536E+01  0.3338E+01  0.3236E+01  0.3373E+01  0.3587E+01  0.3708E+01  0.3832E+01  0.3968E+01  0.3977E+01  0.4053E+01  0.4166E+01  0.4254E+01  0.4566E+01  0.4588E+01  0.4661E+01  0.4656E+01  0.4653E+01  0.4631E+01  0.4624E+01  0.4584E+01  0.4557E+01  0.4504E+01  0.4455E+01  0.4395E+01  0.4335E+01  0.4275E+01  0.4229E+01  0.4158E+01  0.4091E+01  0.4003E+01  0.3908E+01  0.3764E+01  0.3530E+01
         NaN         NaN         NaN         NaN         NaN         NaN         NaN         NaN         NaN         NaN         NaN         NaN         NaN  0.3583E+01  0.3024E+01  0.3080E+01  0.3299E+01  0.3395E+01  0.3568E+01  0.3664E+01  0.3792E+01  0.3906E+01  0.4005E+01  0.4127E+01  0.4159E+01  0.4204E+01  0.4300E+01  0.4394E+01  0.4604E+01  0.4628E+01  0.4686E+01  0.4677E+01  0.4670E+01  0.4645E+01  0.4632E+01  0.4590E+01  0.4557E+01  0.4504E+01  0.4454E+01  0.4394E+01  0.4338E+01  0.4277E+01  0.4231E+01  0.4160E+01  0.4090E+01  0.4002E+01  0.3908E+01  0.3764E+01  0.3528E+01
         NaN         NaN         NaN         NaN         NaN         NaN         NaN         NaN         NaN         NaN         NaN         NaN  0.3964E+01  0.3300E+01  0.2886E+01  0.3040E+01  0.3354E+01  0.3473E+01  0.3631E+01  0.3739E+01  0.3849E+01  0.3938E+01  0.4013E+01  0.4106E+01  0.4136E+01  0.4201E+01  0.4325E+01  0.4441E+01  0.4620E+01  0.4645E+01  0.4699E+01  0.4688E+01  0.4675E+01  0.4654E+01  0.4642E+01  0.4596E+01  0.4563E+01  0.4509E+01  0.4458E+01  0.4397E+01  0.4341E+01  0.4279E+01  0.4233E+01  0.4161E+01  0.4092E+01  0.4002E+01  0.3906E+01  0.3763E+01  0.3526E+01
         NaN         NaN         NaN         NaN         NaN         NaN         NaN         NaN         NaN         NaN         NaN  0.3686E+01  0.3165E+01  0.3111E+01  0.3015E+01  0.3145E+01  0.3433E+01  0.3528E+01  0.3671E+01  0.3752E+01  0.3842E+01  0.3912E+01  0.3981E+01  0.4059E+01  0.4093E+01  0.4155E+01  0.4239E+01  0.4334E+01  0.4443E+01  0.4484E+01  0.4549E+01  0.4550E+01  0.4591E+01  0.4577E+01  0.4602E+01  0.4558E+01  0.4545E+01  0.4491E+01  0.4453E+01  0.4389E+01  0.4342E+01  0.4280E+01  0.4232E+01  0.4161E+01  0.4090E+01  0.4004E+01  0.3906E+01  0.3761E+01  0.3524E+01
         NaN         NaN         NaN         NaN         NaN         NaN         NaN         NaN         NaN         NaN  0.4505E+01  0.3896E+01  0.3494E+01  0.3584E+01  0.3248E+01  0.3340E+01  0.3604E+01  0.3661E+01  0.3770E+01  0.3819E+01  0.3887E+01  0.3946E+01  0.4009E+01  0.4095E+01  0.4141E+01  0.4225E+01  0.4319E+01  0.4423E+01  0.4530E+01  0.4580E+01  0.4643E+01  0.4616E+01  0.4645E+01  0.4609E+01  0.4629E+01  0.4573E+01  0.4556E+01  0.4496E+01  0.4457E+01  0.4391E+01  0.4345E+01  0.4283E+01  0.4234E+01  0.4163E+01  0.4091E+01  0.4004E+01  0.3908E+01  0.3761E+01  0.3523E+01
         NaN         NaN         NaN         NaN         NaN         NaN         NaN         NaN         NaN  0.3685E+01  0.3316E+01  0.3205E+01  0.2990E+01  0.3027E+01  0.3043E+01  0.3171E+01  0.3449E+01  0.3537E+01  0.3688E+01  0.3743E+01  0.3844E+01  0.3898E+01  0.3973E+01  0.4044E+01  0.4064E+01  0.4097E+01  0.4044E+01  0.4070E+01  0.4128E+01  0.4246E+01  0.4423E+01  0.4377E+01  0.4488E+01  0.4457E+01  0.4558E+01  0.4494E+01  0.4531E+01  0.4469E+01  0.4451E+01  0.4385E+01  0.4345E+01  0.4283E+01  0.4235E+01  0.4162E+01  0.4092E+01  0.4004E+01  0.3909E+01  0.3761E+01  0.3522E+01
         NaN         NaN         NaN         NaN         NaN         NaN         NaN         NaN  0.4107E+01  0.3679E+01  0.3380E+01  0.3349E+01  0.3210E+01  0.3357E+01  0.3346E+01  0.3462E+01  0.3693E+01  0.3710E+01  0.3815E+01  0.3816E+01  0.3893E+01  0.3933E+01  0.3994E+01  0.4040E+01  0.4030E+01  0.4022E+01  0.3932E+01  0.4123E+01  0.4343E+01  0.4663E+01  0.4863E+01  0.4584E+01  0.4668E+01  0.4526E+01  0.4613E+01  0.4506E+01  0.4541E+01  0.4468E+01  0.4452E+01  0.4384E+01  0.4346E+01  0.4284E+01  0.4238E+01  0.4164E+01  0.4095E+01  0.4006E+01  0.3909E+01  0.3762E+01  0.3520E+01
         NaN         NaN         NaN         NaN         NaN         NaN         NaN         NaN  0.3901E+01  0.4009E+01  0.3912E+01  0.3879E+01  0.3687E+01  0.3686E+01  0.3620E+01  0.3678E+01  0.3834E+01  0.3788E+01  0.3863E+01  0.3835E+01  0.3913E+01  0.3931E+01  0.3965E+01  0.3974E+01  0.3911E+01  0.3880E+01  0.3830E+01  0.4275E+01  0.4584E+01  0.5013E+01  0.5123E+01  0.4613E+01  0.4700E+01  0.4470E+01  0.4615E+01  0.4476E+01  0.4566E+01  0.4486E+01  0.4471E+01  0.4403E+01  0.4357E+01  0.4298E+01  0.4245E+01  0.4170E+01  0.4096E+01  0.4007E+01  0.3909E+01  0.3762E+01  0.3520E+01
         NaN         NaN         NaN         NaN         NaN         NaN         NaN  0.4938E+01  0.3668E+01  0.3843E+01  0.3825E+01  0.3944E+01  0.3865E+01  0.3924E+01  0.3773E+01  0.3773E+01  0.3880E+01  0.3824E+01  0.3901E+01  0.3880E+01  0.3966E+01  0.3973E+01  0.4007E+01  0.4012E+01  0.3972E+01  0.4037E+01  0.4152E+01  0.4861E+01  0.5173E+01  0.5587E+01  0.5444E+01  0.4805E+01  0.4807E+01  0.4430E+01  0.4599E+01  0.4432E+01  0.4550E+01  0.4474E+01  0.4465E+01  0.4401E+01  0.4357E+01  0.4299E+01  0.4246E+01  0.4170E+01  0.4096E+01  0.4006E+01  0.3909E+01  0.3762E+01  0.3520E+01
         NaN         NaN         NaN         NaN         NaN         NaN  0.4003E+01  0.4147E+01  0.4079E+01  0.4237E+01  0.4065E+01  0.4088E+01  0.4007E+01  0.3940E+01  0.3838E+01  0.3807E+01  0.3898E+01  0.3845E+01  0.3929E+01  0.3917E+01  0.3995E+01  0.3998E+01  0.4012E+01  0.4023E+01  0.4010E+01  0.4173E+01  0.4373E+01  0.5175E+01  0.5447E+01  0.5721E+01  0.5413E+01  0.4808E+01  0.4726E+01  0.4318E+01  0.4550E+01  0.4376E+01  0.4557E+01  0.4482E+01  0.4471E+01  0.4412E+01  0.4366E+01  0.4308E+01  0.4253E+01  0.4176E+01  0.4095E+01  0.4008E+01  0.3911E+01  0.3762E+01  0.3520E+01
         NaN         NaN         NaN         NaN         NaN         NaN  0.3632E+01  0.3683E+01  0.3554E+01  0.3594E+01  0.3420E+01  0.3482E+01  0.3545E+01  0.3655E+01  0.3684E+01  0.3738E+01  0.3879E+01  0.3866E+01  0.3973E+01  0.3980E+01  0.4081E+01  0.4114E+01  0.4174E+01  0.4258E+01  0.4354E+01  0.4665E+01  0.4937E+01  0.5706E+01  0.5883E+01  0.5988E+01  0.5556E+01  0.4959E+01  0.4714E+01  0.4246E+01  0.4501E+01  0.4324E+01  0.4543E+01  0.4474E+01  0.4470E+01  0.4412E+01  0.4366E+01  0.4311E+01  0.4252E+01  0.4176E+01  0.4093E+01  0.4008E+01  0.3913E+01  0.3761E+01  0.3519E+01
         NaN         NaN         NaN         NaN         NaN         NaN  0.3989E+01  0.4137E+01  0.4038E+01  0.4137E+01  0.3849E+01  0.3833E+01  0.3766E+01  0.3789E+01  0.3850E+01  0.3855E+01  0.3962E+01  0.3956E+01  0.4047E+01  0.4067E+01  0.4171E+01  0.4228E+01  0.4323E+01  0.4474E+01  0.4618E+01  0.5008E+01  0.5263E+01  0.5894E+01  0.6022E+01  0.5968E+01  0.5378E+01  0.4819E+01  0.4556E+01  0.4140E+01  0.4454E+01  0.4293E+01  0.4538E+01  0.4475E+01  0.4473E+01  0.4417E+01  0.4373E+01  0.4317E+01  0.4254E+01  0.4177E+01  0.4093E+01  0.4010E+01  0.3917E+01  0.3765E+01  0.3519E+01
         NaN         NaN         NaN         NaN         NaN  0.2835E+01  0.3646E+01  0.3699E+01  0.3549E+01  0.3537E+01  0.3274E+01  0.3357E+01  0.3462E+01  0.3611E+01  0.3781E+01  0.3884E+01  0.4033E+01  0.4084E+01  0.4212E+01  0.4268E+01  0.4417E+01  0.4526E+01  0.4681E+01  0.4898E+01  0.5057E+01  0.5440E+01  0.5555E+01  0.5982E+01  0.5880E+01  0.5648E+01  0.5002E+01  0.4531E+01  0.4381E+01  0.4072E+01  0.4408E+01  0.4274E+01  0.4532E+01  0.4475E+01  0.4472E+01  0.4420E+01  0.4375E+01  0.4319E+01  0.4256E+01  0.4178E+01  0.4094E+01  0.4012E+01  0.3919E+01  0.3766E+01  0.3520E+01
         NaN         NaN         NaN         NaN         NaN  0.2976E+01  0.3798E+01  0.3844E+01  0.3617E+01  0.3674E+01  0.3643E+01  0.3725E+01  0.3866E+01  0.3927E+01  0.4047E+01  0.4102E+01  0.4190E+01  0.4228E+01  0.4319E+01  0.4365E+01  0.4483E+01  0.4594E+01  0.4709E+01  0.4904E+01  0.4992E+01  0.5341E+01  0.5361E+01  0.5641E+01  0.5704E+01  0.5443E+01  0.4778E+01  0.4402E+01  0.4319E+01  0.4066E+01  0.4395E+01  0.4284E+01  0.4534E+01  0.4478E+01  0.4476E+01  0.4422E+01  0.4380E+01  0.4322E+01  0.4260E+01  0.4179E+01  0.4096E+01  0.4014E+01  0.3920E+01  0.3767E+01  0.3521E+01
         NaN         NaN         NaN         NaN         NaN  0.2906E+01  0.3647E+01  0.3605E+01  0.3349E+01  0.3413E+01  0.3385E+01  0.3508E+01  0.3704E+01  0.3816E+01  0.3983E+01  0.4083E+01  0.4203E+01  0.4282E+01  0.4401E+01  0.4492E+01  0.4648E+01  0.4794E+01  0.4924E+01  0.5140E+01  0.5193E+01  0.5558E+01  0.5448E+01  0.5599E+01  0.5567E+01  0.5150E+01  0.4537E+01  0.4208E+01  0.4233E+01  0.4049E+01  0.4375E+01  0.4290E+01  0.4536E+01  0.4482E+01  0.4479E+01  0.4425E+01  0.4386E+01  0.4327E+01  0.4261E+01  0.4179E+01  0.4096E+01  0.4014E+01  0.3920E+01  0.3769E+01  0.3522E+01
         NaN         NaN         NaN         NaN         NaN  0.3934E+01  0.3893E+01  0.3928E+01  0.3597E+01  0.3633E+01  0.3718E+01  0.3797E+01  0.3974E+01  0.4046E+01  0.4175E+01  0.4243E+01  0.4327E+01  0.4379E+01  0.4445E+01  0.4516E+01  0.4603E+01  0.4715E+01  0.4766E+01  0.4951E+01  0.4937E+01  0.5280E+01  0.5162E+01  0.5213E+01  0.5498E+01  0.5082E+01  0.4485E+01  0.4185E+01  0.4248E+01  0.4072E+01  0.4388E+01  0.4319E+01  0.4540E+01  0.4487E+01  0.4477E+01  0.4426E+01  0.4389E+01  0.4329E+01  0.4262E+01  0.4179E+01  0.4099E+01  0.4015E+01  0.3922E+01  0.3772E+01  0.3525E+01
         NaN         NaN         NaN         NaN  0.5324E+01  0.3958E+01  0.3413E+01  0.3546E+01  0.3317E+01  0.3473E+01  0.3542E+01  0.3667E+01  0.3901E+01  0.3995E+01  0.4145E+01  0.4233E+01  0.4341E+01  0.4417E+01  0.4508E+01  0.4608E+01  0.4713E+01  0.4852E+01  0.4916E+01  0.5167E+01  0.5124E+01  0.5450E+01  0.5297E+01  0.5305E+01  0.5531E+01  0.4881E+01  0.4338E+01  0.4040E+01  0.4192E+01  0.4058E+01  0.4376E+01  0.4327E+01  0.4539E+01  0.4485E+01  0.4477E+01  0.4427E+01  0.4389E+01  0.4330E+01  0.4262E+01  0.4180E+01  0.4099E+01  0.4015E+01  0.3923E+01  0.3775E+01  0.3527E+01
         NaN         NaN         NaN         NaN  0.3390E+01  0.3596E+01  0.3274E+01  0.3345E+01  0.3417E+01  0.3539E+01  0.3707E+01  0.3782E+01  0.3992E+01  0.4069E+01  0.4199E+01  0.4274E+01  0.4372E+01  0.4430E+01  0.4493E+01  0.4569E+01  0.4613E+01  0.4714E+01  0.4678E+01  0.4916E+01  0.4791E+01  0.5049E+01  0.5387E+01  0.5354E+01  0.5400E+01  0.4736E+01  0.4226E+01  0.3950E+01  0.4201E+01  0.4070E+01  0.4370E+01  0.4329E+01  0.4525E+01  0.4470E+01  0.4467E+01  0.4416E+01  0.4382E+01  0.4326E+01  0.4256E+01  0.4178E+01  0.4099E+01  0.4014E+01  0.3921E+01  0.3775E+01  0.3529E+01
         NaN         NaN         NaN         NaN  0.2668E+01  0.2848E+01  0.2804E+01  0.3069E+01  0.3263E+01  0.3495E+01  0.3694E+01  0.3831E+01  0.4041E+01  0.4114E+01  0.4239E+01  0.4303E+01  0.4396E+01  0.4459E+01  0.4524E+01  0.4610E+01  0.4655E+01  0.4784E+01  0.4756E+01  0.5135E+01  0.5008E+01  0.5274E+01  0.5609E+01  0.5402E+01  0.5233E+01  0.4482E+01  0.4113E+01  0.3895E+01  0.4178E+01  0.4058E+01  0.4357E+01  0.4320E+01  0.4505E+01  0.4454E+01  0.4449E+01  0.4396E+01  0.4361E+01  0.4307E+01  0.4237E+01  0.4161E+01  0.4084E+01  0.4002E+01  0.3911E+01  0.3769E+01  0.3531E+01
         NaN         NaN         NaN         NaN  0.2046E+01  0.2187E+01  0.2466E+01  0.2766E+01  0.3109E+01  0.3348E+01  0.3637E+01  0.3758E+01  0.3966E+01  0.4033E+01  0.4146E+01  0.4199E+01  0.4285E+01  0.4327E+01  0.4370E+01  0.4433E+01  0.4416E+01  0.4519E+01  0.4390E+01  0.4739E+01  0.4622E+01  0.4755E+01  0.5723E+01  0.5492E+01  0.4779E+01  0.4110E+01  0.3952E+01  0.3746E+01  0.4110E+01  0.3991E+01  0.4290E+01  0.4259E+01  0.4438E+01  0.4390E+01  0.4394E+01  0.4339E+01  0.4309E+01  0.4254E+01  0.4186E+01  0.4110E+01  0.4031E+01  0.3950E+01  0.3858E+01  0.3713E+01  0.3529E+01
